7.897627604953187301e+02 2.632179099969797562e+02 1.000000000000000000e+00 7.242056780428879392e+01 3.512154938085170670e+02 1.000000000000000000e+00 8.665659921473875329e+02 3.779069767441861245e+02 1.000000000000000000e+00 8.490733836056416521e+02 2.241659684401619472e+02 1.000000000000000000e+00 5.107654787073391844e+02 2.204362730292963306e+02 1.000000000000000000e+00
7.908500453035337614e+02 2.630578375113259426e+02 1.000000000000000000e+00 7.498172757475089156e+01 3.517802778616732553e+02 1.000000000000000000e+00 8.684989429175475379e+02 3.781485955904561251e+02 1.000000000000000000e+00 8.510692559503512484e+02 2.239268664568739382e+02 1.000000000000000000e+00 5.120943823618242732e+02 2.205721836303231953e+02 1.000000000000000000e+00
7.908500453035337614e+02 2.639276653578979221e+02 1.000000000000000000e+00 7.759121111446700070e+01 3.517802778616732553e+02 1.000000000000000000e+00 8.704318936877076567e+02 3.781485955904561251e+02 1.000000000000000000e+00 8.540894915287263984e+02 2.244101041494139395e+02 1.000000000000000000e+00 5.148729990939293657e+02 2.206929930534582240e+02 1.000000000000000000e+00
7.934595288432498137e+02 2.630578375113259426e+02 1.000000000000000000e+00 8.418740561763821972e+01 3.500798852310480243e+02 1.000000000000000000e+00 8.764723648444578430e+02 3.789942615524011558e+02 1.000000000000000000e+00 8.600091532623415560e+02 2.248933418419539692e+02 1.000000000000000000e+00 5.207926608275446370e+02 2.208138024765931959e+02 1.000000000000000000e+00
7.951991845363938864e+02 2.630578375113259426e+02 1.000000000000000000e+00 8.976880096647545315e+01 3.500406221685291825e+02 1.000000000000000000e+00 8.820295983086680280e+02 3.792358803986711564e+02 1.000000000000000000e+00 8.653247678802817973e+02 2.247725324188189688e+02 1.000000000000000000e+00 5.275579885231048820e+02 2.209346118997282247e+02 1.000000000000000000e+00
7.995483237692540115e+02 2.647974932044700154e+02 1.000000000000000000e+00 9.737979462398074304e+01 3.498141045001510747e+02 1.000000000000000000e+00 8.878284506191482706e+02 3.804439746300212164e+02 1.000000000000000000e+00 8.710028107676270110e+02 2.258598172270340001e+02 1.000000000000000000e+00 5.327527937179100945e+02 2.212970401691332256e+02 1.000000000000000000e+00
8.021578073089701775e+02 2.656673210510419949e+02 1.000000000000000000e+00 1.037826940501359729e+02 3.492251585623679375e+02 1.000000000000000000e+00 8.931440652370885118e+02 3.800815463606162439e+02 1.000000000000000000e+00 8.770432819243771974e+02 2.261014360733040007e+02 1.000000000000000000e+00 5.385516460283904507e+02 2.216745696164301194e+02 1.000000000000000000e+00
8.048156146179403549e+02 2.643535185744487990e+02 1.000000000000000000e+00 1.106688311688312325e+02 3.491194503171248016e+02 1.000000000000000000e+00 9.011174871639988169e+02 3.808064028994262458e+02 1.000000000000000000e+00 8.840502284662074999e+02 2.263430549195740014e+02 1.000000000000000000e+00 5.443504983388706933e+02 2.217953790395651197e+02 1.000000000000000000e+00
8.108560857746905413e+02 2.656673210510419949e+02 1.000000000000000000e+00 1.228705829054666765e+02 3.484096949562066357e+02 1.000000000000000000e+00 9.093325279371790657e+02 3.820295983086681986e+02 1.000000000000000000e+00 8.927485069319277500e+02 2.273095303046540607e+02 1.000000000000000000e+00 5.538944427665360308e+02 2.219161884627001200e+02 1.000000000000000000e+00
8.204241920869827709e+02 2.656673210510419949e+02 1.000000000000000000e+00 1.345890969495621050e+02 3.479415584415584703e+02 1.000000000000000000e+00 9.194805194805194333e+02 3.828752642706132292e+02 1.000000000000000000e+00 9.032589267446732038e+02 2.286535351370309854e+02 1.000000000000000000e+00 5.625927212322562809e+02 2.227618544246451506e+02 1.000000000000000000e+00
8.299922983992752279e+02 2.656673210510419949e+02 1.000000000000000000e+00 1.476365146481425938e+02 3.472318030806403044e+02 1.000000000000000000e+00 9.313198429477499758e+02 3.838417396556932317e+02 1.000000000000000000e+00 9.157022973275786626e+02 2.286535351370309854e+02 1.000000000000000000e+00 5.740696164300817372e+02 2.222786167321051494e+02 1.000000000000000000e+00
8.378207490184234985e+02 2.656673210510419949e+02 1.000000000000000000e+00 1.595966475385080514e+02 3.461596194503171091e+02 1.000000000000000000e+00 9.412262156448203996e+02 3.848233162186651839e+02 1.000000000000000000e+00 9.269375736791340614e+02 2.291367728295709867e+02 1.000000000000000000e+00 5.838551797040171323e+02 2.231393838719420444e+02 1.000000000000000000e+00
8.439095439444278099e+02 2.656673210510419949e+02 1.000000000000000000e+00 1.686573542736334161e+02 3.460539112050739732e+02 1.000000000000000000e+00 9.504077318030807646e+02 3.856689821806102145e+02 1.000000000000000000e+00 9.356358521448544252e+02 2.299824387915160173e+02 1.000000000000000000e+00 5.911037450921173786e+02 2.235018121413470453e+02 1.000000000000000000e+00
8.499983388704318941e+02 2.674069767441860677e+02 1.000000000000000000e+00 1.778388704318937528e+02 3.451025369978858066e+02 1.000000000000000000e+00 9.582603443068560409e+02 3.861522198731502158e+02 1.000000000000000000e+00 9.438508929180347877e+02 2.299975399694078817e+02 1.000000000000000000e+00 5.953320749018425886e+02 2.231544850498339088e+02 1.000000000000000000e+00
8.499983388704318941e+02 2.674069767441860677e+02 1.000000000000000000e+00 1.844833887043189975e+02 3.446344004832376413e+02 1.000000000000000000e+00 9.640591966173362835e+02 3.861673210510421086e+02 1.000000000000000000e+00 9.495289358053800015e+02 2.302391588156779108e+02 1.000000000000000000e+00 6.005268800966478011e+02 2.233961038961039094e+02 1.000000000000000000e+00
8.499983388704318941e+02 2.674069767441860677e+02 1.000000000000000000e+00 1.908862881304742416e+02 3.442870733917245047e+02 1.000000000000000000e+00 9.690123829658714385e+02 3.870129870129870824e+02 1.000000000000000000e+00 9.553277881158602440e+02 2.303599682388128826e+02 1.000000000000000000e+00 6.029430685593478074e+02 2.233961038961039094e+02 1.000000000000000000e+00
8.499983388704318941e+02 2.674069767441860677e+02 1.000000000000000000e+00 1.957186650558744248e+02 3.443021745696163407e+02 1.000000000000000000e+00 9.751736635457567672e+02 3.876170341286621124e+02 1.000000000000000000e+00 9.608850215800705428e+02 2.310999259555148058e+02 1.000000000000000000e+00 6.099500151011781099e+02 2.230487768045907728e+02 1.000000000000000000e+00
8.578267894895801646e+02 2.674069767441860677e+02 1.000000000000000000e+00 2.016383267894896676e+02 3.439548474781032041e+02 1.000000000000000000e+00 9.801268498942919223e+02 3.881002718212021705e+02 1.000000000000000000e+00 9.659590173517407266e+02 2.312207353786498061e+02 1.000000000000000000e+00 6.221517668378135113e+02 2.232903956508607735e+02 1.000000000000000000e+00
8.578267894895801646e+02 2.674069767441860677e+02 1.000000000000000000e+00 2.074371790999698817e+02 3.433659015403200669e+02 1.000000000000000000e+00 9.855632739353670786e+02 3.888251283600121724e+02 1.000000000000000000e+00 9.718786790853558841e+02 2.312207353786498061e+02 1.000000000000000000e+00 6.279506191482937538e+02 2.235320144971307741e+02 1.000000000000000000e+00
8.578267894895801646e+02 2.674069767441860677e+02 1.000000000000000000e+00 2.126319842947750374e+02 3.435018121413469885e+02 1.000000000000000000e+00 9.905164602839023473e+02 3.894291754756872024e+02 1.000000000000000000e+00 9.767110560107561241e+02 2.317039730711898073e+02 1.000000000000000000e+00 6.337494714587739963e+02 2.234112050739957738e+02 1.000000000000000000e+00
8.578267894895801646e+02 2.674069767441860677e+02 1.000000000000000000e+00 2.172227423739051915e+02 3.432752944729688238e+02 1.000000000000000000e+00 9.949864089398975011e+02 3.898067049229840677e+02 1.000000000000000000e+00 9.816642423592912792e+02 2.315831636480548070e+02 1.000000000000000000e+00 6.376153729990941201e+02 2.235320144971307741e+02 1.000000000000000000e+00
8.578267894895801646e+02 2.674069767441860677e+02 1.000000000000000000e+00 2.209678344910903434e+02 3.428071579583206585e+02 1.000000000000000000e+00 9.989731199033526536e+02 3.899275143461190964e+02 1.000000000000000000e+00 9.856509533227464317e+02 2.315831636480548070e+02 1.000000000000000000e+00 6.405147991543342414e+02 2.238944427665358035e+02 1.000000000000000000e+00
8.578267894895801646e+02 2.674069767441860677e+02 1.000000000000000000e+00 2.244713077620054946e+02 3.424598308668075219e+02 1.000000000000000000e+00 1.001872546058592661e+03 3.894442766535790952e+02 1.000000000000000000e+00 9.884295700548515242e+02 2.318247824943248361e+02 1.000000000000000000e+00 6.435350347327093914e+02 2.235471156750226669e+02 1.000000000000000000e+00
8.595664451827243511e+02 2.691466324373301404e+02 1.000000000000000000e+00 2.270083056478405865e+02 3.423541226215643860e+02 1.000000000000000000e+00 1.005980066445182842e+03 3.907731803080641271e+02 1.000000000000000000e+00 9.922954715951716480e+02 2.320664013405948367e+02 1.000000000000000000e+00 6.477633645424346014e+02 2.235471156750226669e+02 1.000000000000000000e+00
8.595664451827243511e+02 2.691466324373301404e+02 1.000000000000000000e+00 2.300285412262157081e+02 3.421276049531862782e+02 1.000000000000000000e+00 1.008517064331017991e+03 3.908939897311990990e+02 1.000000000000000000e+00 9.949532789041418255e+02 2.318247824943248361e+02 1.000000000000000000e+00 6.498171247357296352e+02 2.233054968287526663e+02 1.000000000000000000e+00
8.560871337964362056e+02 2.665371488976140881e+02 1.000000000000000000e+00 2.346192993053458054e+02 3.414178495922681122e+02 1.000000000000000000e+00 1.011778918755663085e+03 3.908939897311990990e+02 1.000000000000000000e+00 9.977318956362469180e+02 2.317039730711898073e+02 1.000000000000000000e+00 6.522333131984296415e+02 2.230789791603745016e+02 1.000000000000000000e+00
8.560871337964362056e+02 2.665371488976140881e+02 1.000000000000000000e+00 2.388476291150709585e+02 3.407080942313499463e+02 1.000000000000000000e+00 1.015403201449713265e+03 3.911356085774691564e+02 1.000000000000000000e+00 1.001114559484027041e+03 2.319455919174598364e+02 1.000000000000000000e+00 6.545286922379947327e+02 2.231997885835095303e+02 1.000000000000000000e+00
8.560871337964362056e+02 2.665371488976140881e+02 1.000000000000000000e+00 2.416262458471760510e+02 3.401191482935668091e+02 1.000000000000000000e+00 1.018181818181818358e+03 3.914980368468741290e+02 1.000000000000000000e+00 1.004134795062402077e+03 2.320815025184867295e+02 1.000000000000000000e+00 6.563408335850198227e+02 2.227165508909695291e+02 1.000000000000000000e+00
8.560871337964362056e+02 2.665371488976140881e+02 1.000000000000000000e+00 2.428343400785261110e+02 3.401342494714587019e+02 1.000000000000000000e+00 1.022168529145273510e+03 3.925853216550891602e+02 1.000000000000000000e+00 1.007517458910182199e+03 2.318398836722167289e+02 1.000000000000000000e+00 6.594818785865300015e+02 2.227165508909695291e+02 1.000000000000000000e+00
8.560871337964362056e+02 2.665371488976140881e+02 1.000000000000000000e+00 2.462170039263062336e+02 3.400285412262155660e+02 1.000000000000000000e+00 1.024705527031108659e+03 3.923437028088191596e+02 1.000000000000000000e+00 1.010416885065422321e+03 2.323231213647567301e+02 1.000000000000000000e+00 6.644350649350651565e+02 2.229581697372395297e+02 1.000000000000000000e+00
8.560871337964362056e+02 2.665371488976140881e+02 1.000000000000000000e+00 2.509285714285714164e+02 3.393187858652974001e+02 1.000000000000000000e+00 1.027000906070673864e+03 3.918755662941710511e+02 1.000000000000000000e+00 1.014403596028877473e+03 2.320815025184867295e+02 1.000000000000000000e+00 6.670928722440352203e+02 2.227165508909695291e+02 1.000000000000000000e+00
8.560871337964362056e+02 2.665371488976140881e+02 1.000000000000000000e+00 2.534655693144065083e+02 3.392130776200542641e+02 1.000000000000000000e+00 1.030021141649049014e+03 3.919963757173060799e+02 1.000000000000000000e+00 1.017423831607252623e+03 2.319606930953517008e+02 1.000000000000000000e+00 6.704755360918153428e+02 2.227165508909695291e+02 1.000000000000000000e+00
8.560871337964362056e+02 2.665371488976140881e+02 1.000000000000000000e+00 2.561233766233765436e+02 3.391073693748111282e+02 1.000000000000000000e+00 1.033282996073693994e+03 3.923588039867111092e+02 1.000000000000000000e+00 1.020081638916222687e+03 2.331687873267017608e+02 1.000000000000000000e+00 6.731333434007854066e+02 2.227165508909695291e+02 1.000000000000000000e+00
8.526078224101480600e+02 2.674069767441860677e+02 1.000000000000000000e+00 2.574522802778615755e+02 3.391224705527030210e+02 1.000000000000000000e+00 1.035699184536394114e+03 3.930836605255211111e+02 1.000000000000000000e+00 1.022256208532652863e+03 2.330479779035667605e+02 1.000000000000000000e+00 6.756703412866205554e+02 2.227165508909695291e+02 1.000000000000000000e+00
8.482586831772879350e+02 2.656673210510419949e+02 1.000000000000000000e+00 2.593852310480216943e+02 3.388959528843248563e+02 1.000000000000000000e+00 1.037269707037149146e+03 3.927212322561160818e+02 1.000000000000000000e+00 1.024430778149082926e+03 2.328063590572967314e+02 1.000000000000000000e+00 6.776032920567806741e+02 2.224749320446995000e+02 1.000000000000000000e+00
8.482586831772879350e+02 2.656673210510419949e+02 1.000000000000000000e+00 2.613181818181818130e+02 3.386694352159466916e+02 1.000000000000000000e+00 1.039685895499849266e+03 3.933252793717911118e+02 1.000000000000000000e+00 1.026242919496108016e+03 2.324439307878917305e+02 1.000000000000000000e+00 6.792946239806706217e+02 2.223541226215644997e+02 1.000000000000000000e+00
8.421698882512836235e+02 2.691466324373301404e+02 1.000000000000000000e+00 2.632511325883418749e+02 3.384429175475685270e+02 1.000000000000000000e+00 1.040652370884929269e+03 3.935668982180611124e+02 1.000000000000000000e+00 1.027451013727458076e+03 2.326855496341617595e+02 1.000000000000000000e+00 6.801402899426157092e+02 2.222333131984294710e+02 1.000000000000000000e+00
8.421698882512836235e+02 2.691466324373301404e+02 1.000000000000000000e+00 2.637343702808819899e+02 3.388355481727572283e+02 1.000000000000000000e+00 1.041256418000604299e+03 3.932044699486560830e+02 1.000000000000000000e+00 1.028538298535672993e+03 2.329271684804317601e+02 1.000000000000000000e+00 6.805027182120206817e+02 2.224749320446995000e+02 1.000000000000000000e+00
8.378207490184234985e+02 2.665371488976140881e+02 1.000000000000000000e+00 2.644592268196920486e+02 3.384882210812440917e+02 1.000000000000000000e+00 1.042222893385684301e+03 3.936877076411961411e+02 1.000000000000000000e+00 1.028779917381943051e+03 2.330479779035667605e+02 1.000000000000000000e+00 6.814691935971007979e+02 2.227165508909695291e+02 1.000000000000000000e+00
8.317319540924191870e+02 2.682768045907581609e+02 1.000000000000000000e+00 2.655465116279070799e+02 3.383825128360009558e+02 1.000000000000000000e+00 1.042343702808819444e+03 3.928571428571430033e+02 1.000000000000000000e+00 1.030229630459563168e+03 2.328063590572967314e+02 1.000000000000000000e+00 6.823148595590457717e+02 2.225957414678345003e+02 1.000000000000000000e+00
8.256431591664151028e+02 2.691466324373301404e+02 1.000000000000000000e+00 2.666337964361221111e+02 3.382768045907578198e+02 1.000000000000000000e+00 1.043310178193899446e+03 3.929779522802779752e+02 1.000000000000000000e+00 1.030229630459563168e+03 2.328063590572967314e+02 1.000000000000000000e+00 6.829189066747208017e+02 2.224749320446995000e+02 1.000000000000000000e+00
8.221638477801269573e+02 2.674069767441860677e+02 1.000000000000000000e+00 2.666337964361221111e+02 3.382768045907578198e+02 1.000000000000000000e+00 1.044035034732709391e+03 3.929779522802779752e+02 1.000000000000000000e+00 1.031437724690913228e+03 2.329271684804317601e+02 1.000000000000000000e+00 6.829189066747208017e+02 2.224749320446995000e+02 1.000000000000000000e+00
8.221638477801269573e+02 2.674069767441860677e+02 1.000000000000000000e+00 2.666337964361221111e+02 3.382768045907578198e+02 1.000000000000000000e+00 1.044759891271519336e+03 3.932195711265479758e+02 1.000000000000000000e+00 1.032162581229723173e+03 2.328063590572967314e+02 1.000000000000000000e+00 6.840061914829358329e+02 2.224749320446995000e+02 1.000000000000000000e+00
8.221638477801269573e+02 2.674069767441860677e+02 1.000000000000000000e+00 2.666337964361221111e+02 3.382768045907578198e+02 1.000000000000000000e+00 1.045726366656599566e+03 3.932195711265479758e+02 1.000000000000000000e+00 1.032162581229723173e+03 2.328063590572967314e+02 1.000000000000000000e+00 6.846102385986108629e+02 2.222333131984294710e+02 1.000000000000000000e+00
8.134655693144064799e+02 2.682768045907581609e+02 1.000000000000000000e+00 2.666337964361221111e+02 3.382768045907578198e+02 1.000000000000000000e+00 1.045726366656599566e+03 3.932195711265479758e+02 1.000000000000000000e+00 1.033370675461073233e+03 2.329271684804317601e+02 1.000000000000000000e+00 6.848518574448809204e+02 2.223541226215644997e+02 1.000000000000000000e+00
8.134655693144064799e+02 2.682768045907581609e+02 1.000000000000000000e+00 2.680835095137421717e+02 3.384127151917846845e+02 1.000000000000000000e+00 1.047417698580489514e+03 3.930987617034130039e+02 1.000000000000000000e+00 1.034337150846153236e+03 2.329271684804317601e+02 1.000000000000000000e+00 6.860599516762309804e+02 2.222333131984294710e+02 1.000000000000000000e+00
8.134655693144064799e+02 2.682768045907581609e+02 1.000000000000000000e+00 2.694124131682272036e+02 3.380653881002715480e+02 1.000000000000000000e+00 1.048384173965569516e+03 3.933403805496830046e+02 1.000000000000000000e+00 1.035786863923773353e+03 2.330479779035667605e+02 1.000000000000000000e+00 6.877512836001210417e+02 2.223541226215644997e+02 1.000000000000000000e+00
8.134655693144064799e+02 2.682768045907581609e+02 1.000000000000000000e+00 2.711037450921172649e+02 3.383221081244334414e+02 1.000000000000000000e+00 1.049471458773784661e+03 3.934611899728179765e+02 1.000000000000000000e+00 1.036753339308853356e+03 2.330479779035667605e+02 1.000000000000000000e+00 6.901674720628211617e+02 2.225957414678345003e+02 1.000000000000000000e+00
8.056371186952582093e+02 2.700164602839022336e+02 1.000000000000000000e+00 2.726742675928722974e+02 3.379747810329203048e+02 1.000000000000000000e+00 1.050679553005134721e+03 3.934611899728179765e+02 1.000000000000000000e+00 1.038565480655878446e+03 2.330479779035667605e+02 1.000000000000000000e+00 6.901674720628211617e+02 2.225957414678345003e+02 1.000000000000000000e+00
7.995483237692540115e+02 2.700164602839022336e+02 1.000000000000000000e+00 2.743655995167623587e+02 3.381106916339472264e+02 1.000000000000000000e+00 1.050679553005134721e+03 3.934611899728179765e+02 1.000000000000000000e+00 1.039531956040958448e+03 2.335312155961067901e+02 1.000000000000000000e+00 6.907715191784960780e+02 2.223541226215644997e+02 1.000000000000000000e+00
7.995483237692540115e+02 2.700164602839022336e+02 1.000000000000000000e+00 2.758153125943824762e+02 3.375217456961640892e+02 1.000000000000000000e+00 1.052250075505889754e+03 3.933554817275748974e+02 1.000000000000000000e+00 1.040498431426038451e+03 2.335312155961067901e+02 1.000000000000000000e+00 6.918588039867111092e+02 2.221125037752944991e+02 1.000000000000000000e+00
7.995483237692540115e+02 2.700164602839022336e+02 1.000000000000000000e+00 2.769025974025975074e+02 3.377784657203259826e+02 1.000000000000000000e+00 1.053337360314104899e+03 3.935971005738448980e+02 1.000000000000000000e+00 1.041464906811118453e+03 2.335312155961067901e+02 1.000000000000000000e+00 6.930668982180611692e+02 2.225957414678345003e+02 1.000000000000000000e+00
7.995483237692540115e+02 2.700164602839022336e+02 1.000000000000000000e+00 2.769025974025975074e+02 3.377784657203259826e+02 1.000000000000000000e+00 1.054303835699184901e+03 3.937179099969799267e+02 1.000000000000000000e+00 1.042189763349928626e+03 2.332895967498367611e+02 1.000000000000000000e+00 6.939125641800062567e+02 2.222333131984294710e+02 1.000000000000000000e+00
7.917198731501057409e+02 2.708862881304742132e+02 1.000000000000000000e+00 2.769025974025975074e+02 3.377784657203259826e+02 1.000000000000000000e+00 1.055270311084264904e+03 3.935971005738448980e+02 1.000000000000000000e+00 1.043518667004413601e+03 2.332895967498367611e+02 1.000000000000000000e+00 6.941541830262763142e+02 2.222484143763213353e+02 1.000000000000000000e+00
7.917198731501057409e+02 2.708862881304742132e+02 1.000000000000000000e+00 2.769025974025975074e+02 3.377784657203259826e+02 1.000000000000000000e+00 1.056115977046209991e+03 3.939595288432499274e+02 1.000000000000000000e+00 1.044122714120088631e+03 2.337728344423767908e+02 1.000000000000000000e+00 6.952414678344913455e+02 2.223692237994563357e+02 1.000000000000000000e+00
7.917198731501057409e+02 2.708862881304742132e+02 1.000000000000000000e+00 2.794395952884325993e+02 3.373103292056778173e+02 1.000000000000000000e+00 1.056115977046209991e+03 3.939595288432499274e+02 1.000000000000000000e+00 1.045089189505168633e+03 2.334104061729717614e+02 1.000000000000000000e+00 6.958455149501663755e+02 2.226108426457263363e+02 1.000000000000000000e+00
7.856310782241015431e+02 2.700164602839022336e+02 1.000000000000000000e+00 2.799228329809726006e+02 3.373254303835697101e+02 1.000000000000000000e+00 1.056115977046209991e+03 3.939595288432499274e+02 1.000000000000000000e+00 1.044968380082033718e+03 2.336520250192417620e+02 1.000000000000000000e+00 6.958455149501663755e+02 2.226108426457263363e+02 1.000000000000000000e+00
7.856310782241015431e+02 2.700164602839022336e+02 1.000000000000000000e+00 2.799228329809726006e+02 3.373254303835697101e+02 1.000000000000000000e+00 1.056115977046209991e+03 3.939595288432499274e+02 1.000000000000000000e+00 1.044968380082033718e+03 2.336520250192417620e+02 1.000000000000000000e+00 6.958455149501663755e+02 2.226108426457263363e+02 1.000000000000000000e+00
7.856310782241015431e+02 2.700164602839022336e+02 1.000000000000000000e+00 2.799228329809726006e+02 3.373254303835697101e+02 1.000000000000000000e+00 1.056115977046209991e+03 3.939595288432499274e+02 1.000000000000000000e+00 1.044968380082033718e+03 2.336520250192417620e+02 1.000000000000000000e+00 6.958455149501663755e+02 2.226108426457263363e+02 1.000000000000000000e+00
7.751931440652371066e+02 2.700164602839022336e+02 1.000000000000000000e+00 2.812517366354576325e+02 3.372197221383265742e+02 1.000000000000000000e+00 1.057686499546965024e+03 3.940803382663848993e+02 1.000000000000000000e+00 1.044968380082033718e+03 2.336520250192417620e+02 1.000000000000000000e+00 6.958455149501663755e+02 2.226108426457263363e+02 1.000000000000000000e+00
7.751931440652371066e+02 2.700164602839022336e+02 1.000000000000000000e+00 2.827014497130776363e+02 3.372348233162184670e+02 1.000000000000000000e+00 1.058773784355180169e+03 3.940803382663848993e+02 1.000000000000000000e+00 1.046538902582788751e+03 2.336520250192417620e+02 1.000000000000000000e+00 6.980200845665964380e+02 2.227316520688613650e+02 1.000000000000000000e+00
7.751931440652371066e+02 2.700164602839022336e+02 1.000000000000000000e+00 2.841511627906976969e+02 3.372499244941103598e+02 1.000000000000000000e+00 1.060706735125340174e+03 3.943219571126548999e+02 1.000000000000000000e+00 1.048713472199218813e+03 2.341352627117817917e+02 1.000000000000000000e+00 6.995906070673515842e+02 2.227316520688613650e+02 1.000000000000000000e+00
7.751931440652371066e+02 2.700164602839022336e+02 1.000000000000000000e+00 2.856008758683177575e+02 3.372650256720022526e+02 1.000000000000000000e+00 1.063002114164905151e+03 3.943219571126548999e+02 1.000000000000000000e+00 1.051008851238783791e+03 2.337879356202686552e+02 1.000000000000000000e+00 6.999530353367565567e+02 2.224900332225913644e+02 1.000000000000000000e+00
7.751931440652371066e+02 2.700164602839022336e+02 1.000000000000000000e+00 2.870505889459378182e+02 3.372801268498941454e+02 1.000000000000000000e+00 1.065055874358200299e+03 3.944427665357899286e+02 1.000000000000000000e+00 1.053062611432078938e+03 2.331838885045936536e+02 1.000000000000000000e+00 7.026108426457266205e+02 2.224900332225913644e+02 1.000000000000000000e+00
7.751931440652371066e+02 2.700164602839022336e+02 1.000000000000000000e+00 2.895875868317729100e+02 3.371744186046510094e+02 1.000000000000000000e+00 1.066747206282090474e+03 3.948051948051949580e+02 1.000000000000000000e+00 1.054029086817158941e+03 2.338030367981605480e+02 1.000000000000000000e+00 7.041813651464817667e+02 2.223692237994563357e+02 1.000000000000000000e+00
7.751931440652371066e+02 2.700164602839022336e+02 1.000000000000000000e+00 2.927286318332830319e+02 3.365854726668678722e+02 1.000000000000000000e+00 1.069042585321655451e+03 3.949260042283299299e+02 1.000000000000000000e+00 1.056445275279859061e+03 2.339238462212955483e+02 1.000000000000000000e+00 7.063559347629118292e+02 2.223692237994563357e+02 1.000000000000000000e+00
7.751931440652371066e+02 2.700164602839022336e+02 1.000000000000000000e+00 2.938159166414980632e+02 3.362381455753547357e+02 1.000000000000000000e+00 1.070733917245545626e+03 3.950468136514649586e+02 1.000000000000000000e+00 1.058257416626884151e+03 2.338030367981605480e+02 1.000000000000000000e+00 7.080472666868017768e+02 2.222484143763213353e+02 1.000000000000000000e+00
7.751931440652371066e+02 2.700164602839022336e+02 1.000000000000000000e+00 2.952656297191181238e+02 3.362532467532465716e+02 1.000000000000000000e+00 1.072546058592570716e+03 3.955300513440049599e+02 1.000000000000000000e+00 1.059586320281369353e+03 2.339238462212955483e+02 1.000000000000000000e+00 7.092553609181518368e+02 2.223692237994563357e+02 1.000000000000000000e+00
7.673646934460888360e+02 2.717561159770463064e+02 1.000000000000000000e+00 2.962321051041981264e+02 3.361475385080034357e+02 1.000000000000000000e+00 1.073391724554515577e+03 3.956508607671399886e+02 1.000000000000000000e+00 1.060915223935854328e+03 2.338030367981605480e+02 1.000000000000000000e+00 7.105842645726369255e+02 2.223692237994563357e+02 1.000000000000000000e+00
7.673646934460888360e+02 2.717561159770463064e+02 1.000000000000000000e+00 2.971985804892781857e+02 3.360418302627602998e+02 1.000000000000000000e+00 1.074841437632135694e+03 3.956508607671399886e+02 1.000000000000000000e+00 1.062244127590339303e+03 2.338030367981605480e+02 1.000000000000000000e+00 7.114299305345820130e+02 2.222484143763213353e+02 1.000000000000000000e+00
7.673646934460888360e+02 2.717561159770463064e+02 1.000000000000000000e+00 2.981650558743582451e+02 3.359361220175171638e+02 1.000000000000000000e+00 1.075566294170945639e+03 3.960132890365450180e+02 1.000000000000000000e+00 1.063210602975419306e+03 2.339238462212955483e+02 1.000000000000000000e+00 7.114299305345820130e+02 2.222484143763213353e+02 1.000000000000000000e+00
7.673646934460888360e+02 2.717561159770463064e+02 1.000000000000000000e+00 2.991315312594383045e+02 3.358304137722740279e+02 1.000000000000000000e+00 1.076532769556025869e+03 3.958924796134099893e+02 1.000000000000000000e+00 1.064297887783634451e+03 2.340446556444305486e+02 1.000000000000000000e+00 7.121547870733919581e+02 2.224900332225913644e+02 1.000000000000000000e+00
7.673646934460888360e+02 2.717561159770463064e+02 1.000000000000000000e+00 3.004604349139233364e+02 3.353622772576258626e+02 1.000000000000000000e+00 1.078344910903050732e+03 3.956508607671399886e+02 1.000000000000000000e+00 1.065505982014984511e+03 2.338030367981605480e+02 1.000000000000000000e+00 7.134836907278770468e+02 2.222484143763213353e+02 1.000000000000000000e+00
7.647552099063727837e+02 2.700164602839022336e+02 1.000000000000000000e+00 3.017893385684084251e+02 3.353773784355176986e+02 1.000000000000000000e+00 1.079673814557535934e+03 3.958924796134099893e+02 1.000000000000000000e+00 1.067922170477684631e+03 2.338030367981605480e+02 1.000000000000000000e+00 7.148125943823621355e+02 2.220067955300513063e+02 1.000000000000000000e+00
7.647552099063727837e+02 2.700164602839022336e+02 1.000000000000000000e+00 3.038430987617035157e+02 3.351508607671395339e+02 1.000000000000000000e+00 1.082694050135910857e+03 3.961340984596799899e+02 1.000000000000000000e+00 1.070459168363519666e+03 2.339238462212955483e+02 1.000000000000000000e+00 7.169871639987921981e+02 2.223692237994563357e+02 1.000000000000000000e+00
7.647552099063727837e+02 2.700164602839022336e+02 1.000000000000000000e+00 3.077090003020236963e+02 3.351659619450314267e+02 1.000000000000000000e+00 1.085110238598610977e+03 3.966324373301119408e+02 1.000000000000000000e+00 1.073358594518759674e+03 2.340446556444305486e+02 1.000000000000000000e+00 7.203698278465723206e+02 2.221276049531863350e+02 1.000000000000000000e+00
7.647552099063727837e+02 2.700164602839022336e+02 1.000000000000000000e+00 3.132662337662338814e+02 3.342145877378432601e+02 1.000000000000000000e+00 1.089338568408336187e+03 3.967532467532469127e+02 1.000000000000000000e+00 1.078070162021024998e+03 2.340446556444305486e+02 1.000000000000000000e+00 7.239941105406223869e+02 2.217651766837813057e+02 1.000000000000000000e+00
7.708440048323769815e+02 2.717561159770463064e+02 1.000000000000000000e+00 3.184610389610390939e+02 3.343504983388701248e+02 1.000000000000000000e+00 1.094291754756871342e+03 3.971156750226519421e+02 1.000000000000000000e+00 1.083023348369560154e+03 2.344070839138355495e+02 1.000000000000000000e+00 7.300345816973726869e+02 2.220067955300513063e+02 1.000000000000000000e+00
7.743233162186651271e+02 2.708862881304742132e+02 1.000000000000000000e+00 3.252263666565993390e+02 3.341239806704919602e+02 1.000000000000000000e+00 1.101781938991241532e+03 3.986861975234070314e+02 1.000000000000000000e+00 1.090151104334525371e+03 2.350111310295105795e+02 1.000000000000000000e+00 7.375247659317429907e+02 2.217651766837813057e+02 1.000000000000000000e+00
7.812819389912413044e+02 2.726259438236182859e+02 1.000000000000000000e+00 3.345286922379946759e+02 3.341390818483838530e+02 1.000000000000000000e+00 1.113138024765931959e+03 3.999093929326489274e+02 1.000000000000000000e+00 1.101265571262945741e+03 2.360984158377256108e+02 1.000000000000000000e+00 7.452565690123832383e+02 2.226259438236182007e+02 1.000000000000000000e+00
7.908500453035337614e+02 2.726259438236182859e+02 1.000000000000000000e+00 3.461263968589551041e+02 3.340333736031407170e+02 1.000000000000000000e+00 1.125339776502567474e+03 4.006342494714589861e+02 1.000000000000000000e+00 1.114192179538391201e+03 2.368383735544275055e+02 1.000000000000000000e+00 7.574583207490186396e+02 2.228675626698882013e+02 1.000000000000000000e+00
7.978086680761099387e+02 2.726259438236182859e+02 1.000000000000000000e+00 3.566368166717005010e+02 3.334444276653575798e+02 1.000000000000000000e+00 1.134762911507097897e+03 4.019631531259440180e+02 1.000000000000000000e+00 1.123977742812326596e+03 2.379256583626425368e+02 1.000000000000000000e+00 7.654317426759289447e+02 2.233508003624282310e+02 1.000000000000000000e+00
8.021578073089701775e+02 2.717561159770463064e+02 1.000000000000000000e+00 3.620732407127757710e+02 3.339427665357894739e+02 1.000000000000000000e+00 1.141286620356388084e+03 4.031712473572940780e+02 1.000000000000000000e+00 1.130139023392211811e+03 2.379256583626425368e+02 1.000000000000000000e+00 7.719554515252192459e+02 2.233508003624282310e+02 1.000000000000000000e+00
8.038974630021142502e+02 2.743655995167623587e+02 1.000000000000000000e+00 3.641270009060708617e+02 3.339578677136813667e+02 1.000000000000000000e+00 1.145152521896708095e+03 4.030504379341590493e+02 1.000000000000000000e+00 1.134729781471341994e+03 2.382880866320475661e+02 1.000000000000000000e+00 7.759421624886743984e+02 2.234716097855632313e+02 1.000000000000000000e+00
8.038974630021142502e+02 2.743655995167623587e+02 1.000000000000000000e+00 3.670264270613109829e+02 3.334897311990332014e+02 1.000000000000000000e+00 1.148897614013893417e+03 4.036544850498340793e+02 1.000000000000000000e+00 1.137629207626582229e+03 2.384088960551825664e+02 1.000000000000000000e+00 7.785999697976444622e+02 2.237132286318332604e+02 1.000000000000000000e+00
8.047672908486862298e+02 2.734957716701902655e+02 1.000000000000000000e+00 3.698050437934160755e+02 3.332632135306550367e+02 1.000000000000000000e+00 1.150830564784053649e+03 4.036695862277259721e+02 1.000000000000000000e+00 1.140528633781822236e+03 2.382880866320475661e+02 1.000000000000000000e+00 7.805329205678045810e+02 2.233508003624282310e+02 1.000000000000000000e+00
8.047672908486862298e+02 2.734957716701902655e+02 1.000000000000000000e+00 3.706507097553611061e+02 3.329158864391419002e+02 1.000000000000000000e+00 1.153367562669888684e+03 4.037903956508610008e+02 1.000000000000000000e+00 1.143428059937062471e+03 2.379256583626425368e+02 1.000000000000000000e+00 7.830699184536396160e+02 2.231091815161582304e+02 1.000000000000000000e+00
8.091164300815463548e+02 2.726259438236182859e+02 1.000000000000000000e+00 3.727044699486561967e+02 3.329309876170337930e+02 1.000000000000000000e+00 1.155421322863183832e+03 4.040471156750228943e+02 1.000000000000000000e+00 1.145481820130357391e+03 2.380464677857775655e+02 1.000000000000000000e+00 7.858485351857447085e+02 2.234716097855632313e+02 1.000000000000000000e+00
8.108560857746905413e+02 2.734957716701902655e+02 1.000000000000000000e+00 3.747582301419512874e+02 3.331877076411956864e+02 1.000000000000000000e+00 1.157958320749018867e+03 4.041679250981578662e+02 1.000000000000000000e+00 1.148018818016192654e+03 2.380464677857775655e+02 1.000000000000000000e+00 7.865733917245546536e+02 2.232450921171850950e+02 1.000000000000000000e+00
8.108560857746905413e+02 2.734957716701902655e+02 1.000000000000000000e+00 3.769227323064534403e+02 3.333500453035333067e+02 1.000000000000000000e+00 1.160495318634853902e+03 4.047719722138328962e+02 1.000000000000000000e+00 1.149951768786352659e+03 2.384088960551825664e+02 1.000000000000000000e+00 7.897144367260648323e+02 2.237283298097251247e+02 1.000000000000000000e+00
8.178147085472668323e+02 2.726259438236182859e+02 1.000000000000000000e+00 3.803053961542335628e+02 3.328819087888851413e+02 1.000000000000000000e+00 1.164482029598309055e+03 4.048927816369679249e+02 1.000000000000000000e+00 1.153455242057267924e+03 2.387864255024794602e+02 1.000000000000000000e+00 7.911641498036848361e+02 2.240907580791301257e+02 1.000000000000000000e+00
8.204241920869827709e+02 2.734957716701902655e+02 1.000000000000000000e+00 3.838088694251487141e+02 3.327610993657501695e+02 1.000000000000000000e+00 1.168468740561764207e+03 4.054968287526429549e+02 1.000000000000000000e+00 1.157321143597587934e+03 2.389072349256144605e+02 1.000000000000000000e+00 7.941843853820599861e+02 2.242115675022651544e+02 1.000000000000000000e+00
8.212940199335547504e+02 2.743655995167623587e+02 1.000000000000000000e+00 3.873123426960638653e+02 3.333651464814251995e+02 1.000000000000000000e+00 1.172093023255814387e+03 4.057384475989129555e+02 1.000000000000000000e+00 1.161549473407313144e+03 2.393904726181544902e+02 1.000000000000000000e+00 7.997416188462701712e+02 2.242115675022651544e+02 1.000000000000000000e+00
8.265129870129870824e+02 2.752354273633343382e+02 1.000000000000000000e+00 3.908158159669789598e+02 3.333651464814251995e+02 1.000000000000000000e+00 1.175958924796134625e+03 4.070673512533979874e+02 1.000000000000000000e+00 1.165656993793903439e+03 2.397529008875594911e+02 1.000000000000000000e+00 8.015537601932952612e+02 2.244531863485351550e+02 1.000000000000000000e+00
8.299922983992752279e+02 2.761052552099064314e+02 1.000000000000000000e+00 3.961314305849191442e+02 3.334859559045601713e+02 1.000000000000000000e+00 1.180428873452129665e+03 4.080338266384780468e+02 1.000000000000000000e+00 1.170368561296168537e+03 2.408401856957745508e+02 1.000000000000000000e+00 8.057820900030203575e+02 2.254196617336151860e+02 1.000000000000000000e+00
8.352112654787073325e+02 2.752354273633343382e+02 1.000000000000000000e+00 4.002389509715093254e+02 3.337275747508301720e+02 1.000000000000000000e+00 1.185261250377529905e+03 4.080338266384780468e+02 1.000000000000000000e+00 1.174355272259623689e+03 2.407193762726395221e+02 1.000000000000000000e+00 8.090439444276655649e+02 2.255404711567501863e+02 1.000000000000000000e+00
8.421698882512836235e+02 2.769750830564784110e+02 1.000000000000000000e+00 4.045880902043694505e+02 3.336067653276952001e+02 1.000000000000000000e+00 1.188402295379039970e+03 4.088794926004230774e+02 1.000000000000000000e+00 1.177858745530538727e+03 2.410818045420445515e+02 1.000000000000000000e+00 8.125474176985806025e+02 2.257820900030201869e+02 1.000000000000000000e+00
8.482586831772879350e+02 2.769750830564784110e+02 1.000000000000000000e+00 4.055545655894495098e+02 3.331235276351551420e+02 1.000000000000000000e+00 1.191060102688010147e+03 4.091362126245849709e+02 1.000000000000000000e+00 1.180878981108913877e+03 2.414442328114495524e+02 1.000000000000000000e+00 8.141179401993357487e+02 2.261445182724252163e+02 1.000000000000000000e+00
8.543474781032920191e+02 2.795845665961945770e+02 1.000000000000000000e+00 4.089372294372296324e+02 3.339691935971001726e+02 1.000000000000000000e+00 1.194805194805195242e+03 4.101026880096649734e+02 1.000000000000000000e+00 1.184865692072369029e+03 2.415650422345845527e+02 1.000000000000000000e+00 8.172589852008458138e+02 2.261445182724252163e+02 1.000000000000000000e+00
8.578267894895801646e+02 2.787147387496224837e+02 1.000000000000000000e+00 4.089372294372296324e+02 3.339691935971001726e+02 1.000000000000000000e+00 1.197583811537300335e+03 4.107067351253400034e+02 1.000000000000000000e+00 1.187644308804474122e+03 2.425315176196646121e+02 1.000000000000000000e+00 8.200376019329510200e+02 2.268693748112352466e+02 1.000000000000000000e+00
8.621759287224402897e+02 2.795845665961945770e+02 1.000000000000000000e+00 4.117158461693347249e+02 3.335010570824520073e+02 1.000000000000000000e+00 1.200724856538810400e+03 4.108275445484750321e+02 1.000000000000000000e+00 1.190422925536579214e+03 2.421690893502595827e+02 1.000000000000000000e+00 8.219705527031110250e+02 2.266277559649652176e+02 1.000000000000000000e+00
8.665250679553006421e+02 2.787147387496224837e+02 1.000000000000000000e+00 4.146152723245748462e+02 3.335010570824520073e+02 1.000000000000000000e+00 1.203382663847780577e+03 4.107067351253400034e+02 1.000000000000000000e+00 1.192718304576144419e+03 2.424107081965295833e+02 1.000000000000000000e+00 8.249907882814861750e+02 2.263861371186952169e+02 1.000000000000000000e+00
8.734836907278767058e+02 2.787147387496224837e+02 1.000000000000000000e+00 4.182395550186249693e+02 3.330178193899120060e+02 1.000000000000000000e+00 1.205798852310480697e+03 4.110691633947450327e+02 1.000000000000000000e+00 1.195980159000789399e+03 2.424107081965295833e+02 1.000000000000000000e+00 8.277694050135912676e+02 2.260237088492902160e+02 1.000000000000000000e+00
8.760931742675928717e+02 2.761052552099064314e+02 1.000000000000000000e+00 4.199308869425150306e+02 3.328970099667769773e+02 1.000000000000000000e+00 1.208335850196315732e+03 4.105859257022050315e+02 1.000000000000000000e+00 1.198637966309759577e+03 2.421690893502595827e+02 1.000000000000000000e+00 8.293399275143463001e+02 2.259180006040470801e+02 1.000000000000000000e+00
8.804423135004529968e+02 2.761052552099064314e+02 1.000000000000000000e+00 4.210181717507300618e+02 3.330178193899120060e+02 1.000000000000000000e+00 1.210027182120205907e+03 4.108275445484750321e+02 1.000000000000000000e+00 1.200691726503054724e+03 2.421841905281514471e+02 1.000000000000000000e+00 8.316353065539113913e+02 2.257971911809120797e+02 1.000000000000000000e+00
8.839216248867411423e+02 2.761052552099064314e+02 1.000000000000000000e+00 4.228303130977551518e+02 3.326553911205069767e+02 1.000000000000000000e+00 1.212564180006040942e+03 4.109483539716100040e+02 1.000000000000000000e+00 1.202866296119484787e+03 2.421841905281514471e+02 1.000000000000000000e+00 8.327225913621264226e+02 2.254347629115070504e+02 1.000000000000000000e+00
8.900104198127454538e+02 2.769750830564784110e+02 1.000000000000000000e+00 4.253673109835902437e+02 3.319305345816969748e+02 1.000000000000000000e+00 1.214980368468741062e+03 4.109483539716100040e+02 1.000000000000000000e+00 1.205403294005319822e+03 2.415801434124764455e+02 1.000000000000000000e+00 8.348971609785564851e+02 2.249515252189670491e+02 1.000000000000000000e+00
8.943595590456055788e+02 2.752354273633343382e+02 1.000000000000000000e+00 4.265754052149403037e+02 3.319305345816969748e+02 1.000000000000000000e+00 1.216671700392631010e+03 4.107067351253400034e+02 1.000000000000000000e+00 1.207577863621749884e+03 2.414593339893414168e+02 1.000000000000000000e+00 8.371925400181215764e+02 2.247099063726970485e+02 1.000000000000000000e+00
8.952293868921775584e+02 2.778449109030505042e+02 1.000000000000000000e+00 4.293540219470453962e+02 3.313264874660219448e+02 1.000000000000000000e+00 1.218967079432196215e+03 4.108275445484750321e+02 1.000000000000000000e+00 1.209510814391910117e+03 2.415801434124764455e+02 1.000000000000000000e+00 8.386422530957415802e+02 2.249515252189670491e+02 1.000000000000000000e+00
8.987086982784657039e+02 2.734957716701902655e+02 1.000000000000000000e+00 4.293540219470453962e+02 3.309640591966169154e+02 1.000000000000000000e+00 1.220295983086681190e+03 4.099818785865300015e+02 1.000000000000000000e+00 1.210598099200125034e+03 2.406136680273963862e+02 1.000000000000000000e+00 8.397295379039567251e+02 2.237434309876169891e+02 1.000000000000000000e+00
9.030578375113258289e+02 2.734957716701902655e+02 1.000000000000000000e+00 4.314077821403404869e+02 3.296351555421318835e+02 1.000000000000000000e+00 1.221504077318031250e+03 4.088945937783149702e+02 1.000000000000000000e+00 1.211443765162070122e+03 2.397680020654513555e+02 1.000000000000000000e+00 8.404543944427666702e+02 2.236226215644819888e+02 1.000000000000000000e+00
9.030578375113258289e+02 2.734957716701902655e+02 1.000000000000000000e+00 4.323742575254204894e+02 3.281854424645118229e+02 1.000000000000000000e+00 1.222349743279976337e+03 4.080489278163698827e+02 1.000000000000000000e+00 1.213497525355365269e+03 2.389223361035063249e+02 1.000000000000000000e+00 8.414208698278466727e+02 2.220520990637269279e+02 1.000000000000000000e+00
9.039276653578980358e+02 2.743655995167623587e+02 1.000000000000000000e+00 4.323742575254204894e+02 3.272189670794317635e+02 1.000000000000000000e+00 1.222832980972516452e+03 4.068559347629117724e+02 1.000000000000000000e+00 1.214343191317310129e+03 2.374726230258862643e+02 1.000000000000000000e+00 8.417832980972517589e+02 2.209648142555118966e+02 1.000000000000000000e+00
9.065371488976139744e+02 2.734957716701902655e+02 1.000000000000000000e+00 4.327366857948255188e+02 3.260108728480817035e+02 1.000000000000000000e+00 1.224041075203866512e+03 4.060102688009667418e+02 1.000000000000000000e+00 1.215188857279255217e+03 2.363853382176712330e+02 1.000000000000000000e+00 8.416624886741167302e+02 2.198775294472968653e+02 1.000000000000000000e+00
9.021880096647538494e+02 2.708862881304742132e+02 1.000000000000000000e+00 4.327366857948255188e+02 3.252860163092717016e+02 1.000000000000000000e+00 1.224765931742676457e+03 4.048021745696166818e+02 1.000000000000000000e+00 1.215792904394930247e+03 2.354188628325911736e+02 1.000000000000000000e+00 8.416624886741167302e+02 2.186694352159468053e+02 1.000000000000000000e+00
9.030578375113258289e+02 2.691466324373301404e+02 1.000000000000000000e+00 4.323742575254204894e+02 3.244403503473266710e+02 1.000000000000000000e+00 1.224161884627001427e+03 4.039565086076716511e+02 1.000000000000000000e+00 1.215309666702390359e+03 2.344523874475111711e+02 1.000000000000000000e+00 8.421457263666567314e+02 2.178237692540017747e+02 1.000000000000000000e+00
9.013181818181818699e+02 2.691466324373301404e+02 1.000000000000000000e+00 4.309245444478004856e+02 3.239571126547866697e+02 1.000000000000000000e+00 1.222953790395651367e+03 4.026276049531866192e+02 1.000000000000000000e+00 1.214222381894175214e+03 2.336067214855661405e+02 1.000000000000000000e+00 8.404543944427666702e+02 2.170989127151917444e+02 1.000000000000000000e+00
9.021880096647538494e+02 2.682768045907581609e+02 1.000000000000000000e+00 4.301996879089904269e+02 3.229906372697066104e+02 1.000000000000000000e+00 1.221504077318031250e+03 4.015403201449715880e+02 1.000000000000000000e+00 1.212893478239690239e+03 2.322778178310810802e+02 1.000000000000000000e+00 8.400919661733616977e+02 2.158908184838417128e+02 1.000000000000000000e+00
8.995785261250376834e+02 2.674069767441860677e+02 1.000000000000000000e+00 4.283875465619653369e+02 3.222657807308966085e+02 1.000000000000000000e+00 1.220658411356086390e+03 4.010570824524315299e+02 1.000000000000000000e+00 1.211685384008340179e+03 2.313113424460010492e+02 1.000000000000000000e+00 8.394879190576866677e+02 2.151659619450316825e+02 1.000000000000000000e+00
8.987086982784657039e+02 2.674069767441860677e+02 1.000000000000000000e+00 4.266962146380752756e+02 3.216617336152215785e+02 1.000000000000000000e+00 1.218242222893386270e+03 4.004530353367564999e+02 1.000000000000000000e+00 1.209510814391910117e+03 2.305864859071910189e+02 1.000000000000000000e+00 8.390046813651466664e+02 2.149243430987616534e+02 1.000000000000000000e+00
8.960992147387497653e+02 2.665371488976140881e+02 1.000000000000000000e+00 4.258505486761303018e+02 3.211784959226815772e+02 1.000000000000000000e+00 1.216430081546361180e+03 3.998489882210815267e+02 1.000000000000000000e+00 1.207698673044885027e+03 2.302240576377860179e+02 1.000000000000000000e+00 8.377965871337966064e+02 2.140786771368166228e+02 1.000000000000000000e+00
8.943595590456055788e+02 2.656673210510419949e+02 1.000000000000000000e+00 4.244008355985101844e+02 3.209368770764115197e+02 1.000000000000000000e+00 1.214617940199336090e+03 3.983992751434614092e+02 1.000000000000000000e+00 1.206490578813534967e+03 2.296200105221109879e+02 1.000000000000000000e+00 8.362260646330415739e+02 2.134746300211416212e+02 1.000000000000000000e+00
8.943595590456055788e+02 2.656673210510419949e+02 1.000000000000000000e+00 4.239175979059701831e+02 3.202120205376015178e+02 1.000000000000000000e+00 1.214134702506796202e+03 3.981576562971914655e+02 1.000000000000000000e+00 1.205403294005319822e+03 2.290159634064359579e+02 1.000000000000000000e+00 8.347763515554214564e+02 2.128705829054665912e+02 1.000000000000000000e+00
8.943595590456055788e+02 2.656673210510419949e+02 1.000000000000000000e+00 4.225886942514851512e+02 3.203328299607365466e+02 1.000000000000000000e+00 1.213168227121716200e+03 3.974479009362732995e+02 1.000000000000000000e+00 1.204436818620239819e+03 2.285327257138959567e+02 1.000000000000000000e+00 8.333266384778014526e+02 2.129913923286015915e+02 1.000000000000000000e+00
8.943595590456055788e+02 2.639276653578979221e+02 1.000000000000000000e+00 4.224678848283501793e+02 3.197287828450615166e+02 1.000000000000000000e+00 1.213651464814256315e+03 3.980519480519483295e+02 1.000000000000000000e+00 1.204436818620239819e+03 2.280494880213558986e+02 1.000000000000000000e+00 8.332058290546664239e+02 2.119041075203865603e+02 1.000000000000000000e+00
8.943595590456055788e+02 2.639276653578979221e+02 1.000000000000000000e+00 4.195684586731100580e+02 3.202120205376015178e+02 1.000000000000000000e+00 1.211597704620961167e+03 3.973270915131382708e+02 1.000000000000000000e+00 1.202262249003809757e+03 2.276870597519508976e+02 1.000000000000000000e+00 8.324809725158563651e+02 2.125081546360615903e+02 1.000000000000000000e+00
8.952293868921775584e+02 2.665371488976140881e+02 1.000000000000000000e+00 4.184811738648950268e+02 3.198495922681964885e+02 1.000000000000000000e+00 1.210147991543341050e+03 3.969646632437332983e+02 1.000000000000000000e+00 1.201416583041864669e+03 2.275662503288158973e+02 1.000000000000000000e+00 8.309104500151013326e+02 2.117832980972515600e+02 1.000000000000000000e+00
8.934897311990335993e+02 2.630578375113259426e+02 1.000000000000000000e+00 4.176355079029499393e+02 3.199704016913315172e+02 1.000000000000000000e+00 1.209181516158261047e+03 3.966022349743282689e+02 1.000000000000000000e+00 1.199362822848569749e+03 2.275662503288158973e+02 1.000000000000000000e+00 8.300647840531562451e+02 2.119041075203865603e+02 1.000000000000000000e+00
8.926199033524616198e+02 2.630578375113259426e+02 1.000000000000000000e+00 4.175146984798149674e+02 3.198495922681964885e+02 1.000000000000000000e+00 1.207731803080640930e+03 3.961189972817882676e+02 1.000000000000000000e+00 1.198517156886624662e+03 2.274454409056808970e+02 1.000000000000000000e+00 8.287358803986712701e+02 2.119041075203865603e+02 1.000000000000000000e+00
8.926199033524616198e+02 2.647974932044700154e+02 1.000000000000000000e+00 4.166690325178699368e+02 3.200912111144665460e+02 1.000000000000000000e+00 1.207731803080640930e+03 3.959981878586532389e+02 1.000000000000000000e+00 1.198517156886624662e+03 2.274454409056808970e+02 1.000000000000000000e+00 8.276485955904562388e+02 2.115416792509815309e+02 1.000000000000000000e+00
8.917500755058894129e+02 2.656673210510419949e+02 1.000000000000000000e+00 4.159441759790598780e+02 3.197287828450615166e+02 1.000000000000000000e+00 1.205919661733616067e+03 3.957565690123832383e+02 1.000000000000000000e+00 1.197429872078409517e+03 2.272038220594108680e+02 1.000000000000000000e+00 8.281318332829962401e+02 2.116624886741165597e+02 1.000000000000000000e+00
8.917500755058894129e+02 2.656673210510419949e+02 1.000000000000000000e+00 4.152193194402498762e+02 3.197287828450615166e+02 1.000000000000000000e+00 1.205315614617940810e+03 3.953941407429782089e+02 1.000000000000000000e+00 1.196342587270194599e+03 2.272038220594108680e+02 1.000000000000000000e+00 8.275277861673212101e+02 2.119041075203865603e+02 1.000000000000000000e+00
8.908802476593174333e+02 2.647974932044700154e+02 1.000000000000000000e+00 4.144944629014398743e+02 3.199704016913315172e+02 1.000000000000000000e+00 1.204107520386590977e+03 3.959981878586532389e+02 1.000000000000000000e+00 1.195134493038844539e+03 2.278078691750858980e+02 1.000000000000000000e+00 8.263196919359711501e+02 2.117832980972515600e+02 1.000000000000000000e+00
8.882707641196012673e+02 2.656673210510419949e+02 1.000000000000000000e+00 4.138904157857648443e+02 3.203328299607365466e+02 1.000000000000000000e+00 1.203986710963455835e+03 3.959981878586532389e+02 1.000000000000000000e+00 1.194892874192574482e+03 2.276870597519508976e+02 1.000000000000000000e+00 8.249907882814861750e+02 2.119041075203865603e+02 1.000000000000000000e+00
8.874009362730292878e+02 2.656673210510419949e+02 1.000000000000000000e+00 4.129239404006847849e+02 3.198495922681964885e+02 1.000000000000000000e+00 1.202899426155240917e+03 3.957565690123832383e+02 1.000000000000000000e+00 1.193684779961224422e+03 2.274454409056808970e+02 1.000000000000000000e+00 8.245075505889460601e+02 2.117832980972515600e+02 1.000000000000000000e+00
8.874009362730292878e+02 2.656673210510419949e+02 1.000000000000000000e+00 4.121990838618747830e+02 3.202120205376015178e+02 1.000000000000000000e+00 1.202053760193295830e+03 3.957565690123832383e+02 1.000000000000000000e+00 1.192839113999279334e+03 2.276870597519508976e+02 1.000000000000000000e+00 8.248699788583511463e+02 2.116624886741165597e+02 1.000000000000000000e+00
8.874009362730292878e+02 2.656673210510419949e+02 1.000000000000000000e+00 4.113534178999296955e+02 3.205744488070065472e+02 1.000000000000000000e+00 1.201449713077620800e+03 3.958773784355182670e+02 1.000000000000000000e+00 1.191993448037334474e+03 2.275662503288158973e+02 1.000000000000000000e+00 8.241451223195410876e+02 2.120249169435215606e+02 1.000000000000000000e+00
8.865311084264573083e+02 2.647974932044700154e+02 1.000000000000000000e+00 4.106285613611196936e+02 3.203328299607365466e+02 1.000000000000000000e+00 1.200845665961945770e+03 3.957565690123832383e+02 1.000000000000000000e+00 1.191631019767929274e+03 2.276870597519508976e+02 1.000000000000000000e+00 8.234202657807310288e+02 2.122665357897915897e+02 1.000000000000000000e+00
8.847914527333131218e+02 2.656673210510419949e+02 1.000000000000000000e+00 4.102661330917146643e+02 3.205744488070065472e+02 1.000000000000000000e+00 1.200120809423135825e+03 3.957565690123832383e+02 1.000000000000000000e+00 1.191026972652254244e+03 2.280494880213558986e+02 1.000000000000000000e+00 8.231786469344610850e+02 2.126289640591965906e+02 1.000000000000000000e+00
8.847914527333131218e+02 2.647974932044700154e+02 1.000000000000000000e+00 4.101453236685796924e+02 3.205744488070065472e+02 1.000000000000000000e+00 1.199879190576865767e+03 3.955149501661132376e+02 1.000000000000000000e+00 1.190543734959714357e+03 2.273246314825458967e+02 1.000000000000000000e+00 8.225745998187860550e+02 2.121457263666565609e+02 1.000000000000000000e+00
8.847914527333131218e+02 2.656673210510419949e+02 1.000000000000000000e+00 4.101453236685796924e+02 3.205744488070065472e+02 1.000000000000000000e+00 1.199154334038055595e+03 3.956357595892482095e+02 1.000000000000000000e+00 1.190543734959714357e+03 2.273246314825458967e+02 1.000000000000000000e+00 8.225745998187860550e+02 2.121457263666565609e+02 1.000000000000000000e+00
8.839216248867411423e+02 2.656673210510419949e+02 1.000000000000000000e+00 4.101453236685796924e+02 3.205744488070065472e+02 1.000000000000000000e+00 1.199154334038055595e+03 3.956357595892482095e+02 1.000000000000000000e+00 1.190543734959714357e+03 2.273246314825458967e+02 1.000000000000000000e+00 8.230578375113260563e+02 2.117832980972515600e+02 1.000000000000000000e+00
8.830517970401691628e+02 2.647974932044700154e+02 1.000000000000000000e+00 4.101453236685796924e+02 3.205744488070065472e+02 1.000000000000000000e+00 1.199154334038055595e+03 3.956357595892482095e+02 1.000000000000000000e+00 1.190543734959714357e+03 2.273246314825458967e+02 1.000000000000000000e+00 8.231786469344610850e+02 2.121457263666565609e+02 1.000000000000000000e+00
8.830517970401691628e+02 2.647974932044700154e+02 1.000000000000000000e+00 4.101453236685796924e+02 3.205744488070065472e+02 1.000000000000000000e+00 1.198550286922380565e+03 3.957565690123832383e+02 1.000000000000000000e+00 1.190543734959714357e+03 2.273246314825458967e+02 1.000000000000000000e+00 8.225745998187860550e+02 2.123873452129265615e+02 1.000000000000000000e+00
8.830517970401691628e+02 2.647974932044700154e+02 1.000000000000000000e+00 4.101453236685796924e+02 3.205744488070065472e+02 1.000000000000000000e+00 1.198550286922380565e+03 3.957565690123832383e+02 1.000000000000000000e+00 1.189456450151499212e+03 2.282911068676259276e+02 1.000000000000000000e+00 8.222121715493809688e+02 2.117832980972515600e+02 1.000000000000000000e+00
8.830517970401691628e+02 2.647974932044700154e+02 1.000000000000000000e+00 4.085748011678246030e+02 3.214201147689515778e+02 1.000000000000000000e+00 1.197583811537300562e+03 3.957565690123832383e+02 1.000000000000000000e+00 1.189214831305229382e+03 2.285327257138959567e+02 1.000000000000000000e+00 8.217289338568409676e+02 2.127497734823315909e+02 1.000000000000000000e+00
8.830517970401691628e+02 2.647974932044700154e+02 1.000000000000000000e+00 4.076083257827446005e+02 3.210576864995465485e+02 1.000000000000000000e+00 1.196979764421625532e+03 3.955149501661132376e+02 1.000000000000000000e+00 1.188489974766419209e+03 2.285327257138959567e+02 1.000000000000000000e+00 8.210040773180310225e+02 2.121457263666565609e+02 1.000000000000000000e+00
8.830517970401691628e+02 2.647974932044700154e+02 1.000000000000000000e+00 4.073667069364745430e+02 3.210576864995465485e+02 1.000000000000000000e+00 1.196979764421625532e+03 3.955149501661132376e+02 1.000000000000000000e+00 1.188248355920149152e+03 2.281702974444909273e+02 1.000000000000000000e+00 8.205208396254909076e+02 2.119041075203865603e+02 1.000000000000000000e+00
8.787026578073090377e+02 2.656673210510419949e+02 1.000000000000000000e+00 4.062794221282595117e+02 3.212993053458165491e+02 1.000000000000000000e+00 1.195892479613410615e+03 3.953941407429782089e+02 1.000000000000000000e+00 1.187040261688799092e+03 2.279286785982209267e+02 1.000000000000000000e+00 8.196751736635459338e+02 2.122665357897915897e+02 1.000000000000000000e+00
8.787026578073090377e+02 2.656673210510419949e+02 1.000000000000000000e+00 4.055545655894495098e+02 3.219033524614915791e+02 1.000000000000000000e+00 1.195046813651465527e+03 3.956357595892482095e+02 1.000000000000000000e+00 1.186073786303719089e+03 2.280494880213558986e+02 1.000000000000000000e+00 8.177422228933858150e+02 2.128705829054665912e+02 1.000000000000000000e+00
8.787026578073090377e+02 2.656673210510419949e+02 1.000000000000000000e+00 4.043464713580994498e+02 3.222657807308966085e+02 1.000000000000000000e+00 1.193959528843250609e+03 3.961189972817882676e+02 1.000000000000000000e+00 1.185348929764909144e+03 2.284119162907609280e+02 1.000000000000000000e+00 8.175006040471158713e+02 2.134746300211416212e+02 1.000000000000000000e+00
8.787026578073090377e+02 2.656673210510419949e+02 1.000000000000000000e+00 4.041048525118294492e+02 3.226282090003015810e+02 1.000000000000000000e+00 1.193234672304440437e+03 3.952733313198432370e+02 1.000000000000000000e+00 1.184261644956693999e+03 2.284119162907609280e+02 1.000000000000000000e+00 8.171381757777107850e+02 2.138370582905466222e+02 1.000000000000000000e+00
8.787026578073090377e+02 2.656673210510419949e+02 1.000000000000000000e+00 4.039840430886944205e+02 3.229906372697066104e+02 1.000000000000000000e+00 1.193113862881305522e+03 3.961189972817882676e+02 1.000000000000000000e+00 1.183295169571613997e+03 2.287743445601659573e+02 1.000000000000000000e+00 8.168965569314408413e+02 2.140786771368166228e+02 1.000000000000000000e+00
8.787026578073090377e+02 2.656673210510419949e+02 1.000000000000000000e+00 4.051921373200444805e+02 3.235946843853816404e+02 1.000000000000000000e+00 1.193597100573845410e+03 3.966022349743282689e+02 1.000000000000000000e+00 1.184261644956693999e+03 2.292726834305978514e+02 1.000000000000000000e+00 8.168965569314408413e+02 2.149243430987616534e+02 1.000000000000000000e+00
8.787026578073090377e+02 2.656673210510419949e+02 1.000000000000000000e+00 4.065210409745295692e+02 3.246819691935966716e+02 1.000000000000000000e+00 1.195650860767140557e+03 3.976895197825433002e+02 1.000000000000000000e+00 1.185832167457449032e+03 2.301183493925428820e+02 1.000000000000000000e+00 8.170173663545758700e+02 2.162532467532467138e+02 1.000000000000000000e+00
8.830517970401691628e+02 2.665371488976140881e+02 1.000000000000000000e+00 4.076083257827446005e+02 3.255276351555417023e+02 1.000000000000000000e+00 1.197100573844760675e+03 3.992600422832983895e+02 1.000000000000000000e+00 1.187040261688799092e+03 2.308432059313528839e+02 1.000000000000000000e+00 8.196751736635459338e+02 2.162532467532467138e+02 1.000000000000000000e+00
8.865311084264573083e+02 2.656673210510419949e+02 1.000000000000000000e+00 4.107493707842547224e+02 3.255276351555417023e+02 1.000000000000000000e+00 1.200000000000000682e+03 3.991392328601633608e+02 1.000000000000000000e+00 1.189939687844039327e+03 2.308432059313528839e+02 1.000000000000000000e+00 8.216081244337060525e+02 2.164948655995167428e+02 1.000000000000000000e+00
8.865311084264573083e+02 2.656673210510419949e+02 1.000000000000000000e+00 4.125615121312797555e+02 3.251652068861367297e+02 1.000000000000000000e+00 1.202295379039565887e+03 3.993808517064333614e+02 1.000000000000000000e+00 1.192355876306739447e+03 2.313264436238929136e+02 1.000000000000000000e+00 8.237826940501361150e+02 2.164948655995167428e+02 1.000000000000000000e+00
8.891405919661734742e+02 2.691466324373301404e+02 1.000000000000000000e+00 4.148568911708448468e+02 3.257692540018117597e+02 1.000000000000000000e+00 1.203865901540320920e+03 3.996224705527033620e+02 1.000000000000000000e+00 1.194288827076899452e+03 2.308432059313528839e+02 1.000000000000000000e+00 8.260780730897010926e+02 2.164948655995167428e+02 1.000000000000000000e+00
8.908802476593174333e+02 2.700164602839022336e+02 1.000000000000000000e+00 4.157025571327898774e+02 3.257692540018117597e+02 1.000000000000000000e+00 1.206161280579885897e+03 3.999848988221083914e+02 1.000000000000000000e+00 1.196221777847059457e+03 2.314472530470279139e+02 1.000000000000000000e+00 8.284942615524012126e+02 2.168572938689217438e+02 1.000000000000000000e+00
8.952293868921775584e+02 2.674069767441860677e+02 1.000000000000000000e+00 4.178771267492199968e+02 3.256484445786767310e+02 1.000000000000000000e+00 1.207973421926910987e+03 4.001057082452434202e+02 1.000000000000000000e+00 1.198154728617219689e+03 2.316888718932979145e+02 1.000000000000000000e+00 8.276485955904562388e+02 2.172197221383267447e+02 1.000000000000000000e+00
8.987086982784657039e+02 2.700164602839022336e+02 1.000000000000000000e+00 4.198100775193800018e+02 3.257692540018117597e+02 1.000000000000000000e+00 1.209664753850801162e+03 4.005889459377834214e+02 1.000000000000000000e+00 1.199846060541109637e+03 2.316888718932979145e+02 1.000000000000000000e+00 8.305480217456963601e+02 2.175821504077317741e+02 1.000000000000000000e+00
9.021880096647538494e+02 2.691466324373301404e+02 1.000000000000000000e+00 4.208973623275950331e+02 3.256635457565686238e+02 1.000000000000000000e+00 1.212201751736636197e+03 4.007097553609184502e+02 1.000000000000000000e+00 1.202262249003809757e+03 2.319304907395679436e+02 1.000000000000000000e+00 8.321185442464513926e+02 2.178237692540017747e+02 1.000000000000000000e+00
9.074069767441861813e+02 2.691466324373301404e+02 1.000000000000000000e+00 4.224678848283500656e+02 3.255578375113254879e+02 1.000000000000000000e+00 1.214255511929931345e+03 4.008305647840534220e+02 1.000000000000000000e+00 1.204436818620239819e+03 2.315831636480548070e+02 1.000000000000000000e+00 8.324809725158563651e+02 2.172197221383267447e+02 1.000000000000000000e+00
9.074069767441861813e+02 2.708862881304742132e+02 1.000000000000000000e+00 4.246424544447801850e+02 3.255578375113254879e+02 1.000000000000000000e+00 1.215342796738146262e+03 4.007097553609184502e+02 1.000000000000000000e+00 1.205644912851589879e+03 2.317039730711898073e+02 1.000000000000000000e+00 8.348971609785564851e+02 2.177029598308667744e+02 1.000000000000000000e+00
9.108862881304740995e+02 2.708862881304742132e+02 1.000000000000000000e+00 4.244008355985101844e+02 3.253162186650554872e+02 1.000000000000000000e+00 1.215946843853821292e+03 3.998640893989734195e+02 1.000000000000000000e+00 1.206369769390400052e+03 2.309791165323798054e+02 1.000000000000000000e+00 8.353803986710964864e+02 2.167364844457867434e+02 1.000000000000000000e+00
9.108862881304740995e+02 2.708862881304742132e+02 1.000000000000000000e+00 4.219846471358100644e+02 3.256786469344605166e+02 1.000000000000000000e+00 1.213651464814256315e+03 3.997432799758383908e+02 1.000000000000000000e+00 1.203349533812024902e+03 2.307374976861097764e+02 1.000000000000000000e+00 8.338098761703414539e+02 2.166156750226517147e+02 1.000000000000000000e+00
8.952293868921775584e+02 2.682768045907581609e+02 1.000000000000000000e+00 4.032591865498843617e+02 3.260410752038654891e+02 1.000000000000000000e+00 1.193113862881305522e+03 3.972062820900032989e+02 1.000000000000000000e+00 1.183174360148479082e+03 2.294085940316247161e+02 1.000000000000000000e+00 8.161717003926307825e+02 2.168572938689217438e+02 1.000000000000000000e+00
8.552173059498642260e+02 2.700164602839022336e+02 1.000000000000000000e+00 3.607342696063627727e+02 3.281099365750524157e+02 1.000000000000000000e+00 1.145273331319843692e+03 3.940803382663850698e+02 1.000000000000000000e+00 1.134714587737843885e+03 2.295288432497735585e+02 1.000000000000000000e+00 7.726803080640291910e+02 2.173556327393536094e+02 1.000000000000000000e+00
8.178147085472668323e+02 2.708862881304742132e+02 1.000000000000000000e+00 3.209879693949462762e+02 3.302996073693743710e+02 1.000000000000000000e+00 1.102023557837512044e+03 3.914376321353068420e+02 1.000000000000000000e+00 1.090860767139837208e+03 2.295288432497735585e+02 1.000000000000000000e+00 7.358334340078528157e+02 2.182163998791904760e+02 1.000000000000000000e+00
7.882405617638175954e+02 2.717561159770463064e+02 1.000000000000000000e+00 2.873331319842948233e+02 3.328933856840833414e+02 1.000000000000000000e+00 1.067109634551495674e+03 3.895197825430386160e+02 1.000000000000000000e+00 1.054859559045605920e+03 2.291815161582604219e+02 1.000000000000000000e+00 7.047854122621566830e+02 2.179747810329204754e+02 1.000000000000000000e+00
7.638853820598006905e+02 2.717561159770463064e+02 1.000000000000000000e+00 2.591845363938388118e+02 3.348263364542434601e+02 1.000000000000000000e+00 1.037511325883419659e+03 3.882210812443372561e+02 1.000000000000000000e+00 1.025744488070069792e+03 2.283509513742072556e+02 1.000000000000000000e+00 6.772408637873755879e+02 2.187147387496223701e+02 1.000000000000000000e+00
7.473586529749320562e+02 2.726259438236182859e+02 1.000000000000000000e+00 2.359891271519179554e+02 3.366535789791603861e+02 1.000000000000000000e+00 1.015161582603443776e+03 3.868921775898522242e+02 1.000000000000000000e+00 1.003273935366958881e+03 2.280036242826941191e+02 1.000000000000000000e+00 6.565824524312897665e+02 2.190922681969192354e+02 1.000000000000000000e+00
7.299620960434914423e+02 2.726259438236182859e+02 1.000000000000000000e+00 2.133977650256721290e+02 3.383600120809422833e+02 1.000000000000000000e+00 9.941407429779529821e+02 3.854424645122321635e+02 1.000000000000000000e+00 9.820114768951980295e+02 2.274146783449109535e+02 1.000000000000000000e+00 6.367697070371490327e+02 2.181408939897310688e+02 1.000000000000000000e+00
7.099560555723346624e+02 2.743655995167623587e+02 1.000000000000000000e+00 1.852491694352160607e+02 3.403080640289942380e+02 1.000000000000000000e+00 9.676834793113870319e+02 3.836454243430989663e+02 1.000000000000000000e+00 9.545877378435518494e+02 2.268257324071278163e+02 1.000000000000000000e+00 6.112789187556629713e+02 2.185184234370279341e+02 1.000000000000000000e+00
6.760327695560254142e+02 2.743655995167623587e+02 1.000000000000000000e+00 1.434491090305044736e+02 3.434642102083962527e+02 1.000000000000000000e+00 9.296285110238608240e+02 3.807610993657507379e+02 1.000000000000000000e+00 9.150830564784055241e+02 2.254062216852914844e+02 1.000000000000000000e+00 5.727407127755965348e+02 2.177029598308666323e+02 1.000000000000000000e+00
6.038370582905466790e+02 2.734957716701902655e+02 1.000000000000000000e+00 5.199637571730602303e+01 3.514104500151012189e+02 1.000000000000000000e+00 8.514164904862582262e+02 3.766263968589549904e+02 1.000000000000000000e+00 8.339716097855633734e+02 2.235457565690123829e+02 1.000000000000000000e+00 4.956085774690426433e+02 2.183267894895802783e+02 1.000000000000000000e+00
5.203335850196315278e+02 2.752354273633343382e+02 1.000000000000000000e+00 1.066505587435820246e+02 3.656569012382966548e+02 1.000000000000000000e+00 7.683479311386288373e+02 3.747659317426759458e+02 1.000000000000000000e+00 7.489459377831472011e+02 2.234400483237692470e+02 1.000000000000000000e+00 4.777287828450620282e+02 2.216762307459982253e+02 1.000000000000000000e+00
4.516171851404409381e+02 2.787147387496224837e+02 1.000000000000000000e+00 2.184234370280886139e+01 3.733403805496829477e+02 1.000000000000000000e+00 6.991724554515252521e+02 3.735336756266988800e+02 1.000000000000000000e+00 6.774267592872243995e+02 2.237541528239202648e+02 1.000000000000000000e+00 4.034793113862882024e+02 2.231501057082452348e+02 1.000000000000000000e+00
3.907292358803987327e+02 2.795845665961945770e+02 1.000000000000000000e+00 1.207610993657505674e+02 3.798640893989731921e+02 1.000000000000000000e+00 6.404349139232859898e+02 3.731470854726668449e+02 1.000000000000000000e+00 6.172153427967381276e+02 2.229084868619752058e+02 1.000000000000000000e+00 4.108728480821504832e+02 2.242857142857142776e+02 1.000000000000000000e+00
3.411490486257928296e+02 2.787147387496224837e+02 1.000000000000000000e+00 6.059800664451833541e+01 3.857112654787073325e+02 1.000000000000000000e+00 5.900573844759890108e+02 3.736303231652068462e+02 1.000000000000000000e+00 5.663545756569012610e+02 2.237541528239202648e+02 1.000000000000000000e+00 3.577891875566294857e+02 2.256146179401993095e+02 1.000000000000000000e+00
2.967878284506191449e+02 2.821940501359106293e+02 1.000000000000000000e+00 2.416188462700148420e+00 3.922923588039867582e+02 1.000000000000000000e+00 5.460827544548474179e+02 3.744910903050437128e+02 1.000000000000000000e+00 5.189972817879795457e+02 2.238900634249471295e+02 1.000000000000000000e+00 3.068076109936575904e+02 2.268951978254304436e+02 1.000000000000000000e+00
2.585154032014497716e+02 2.856733615221987748e+02 1.000000000000000000e+00 3.360918151615826446e+02 3.820386590154032547e+02 1.000000000000000000e+00 5.083902144367260121e+02 3.751102385986105787e+02 1.000000000000000000e+00 4.809423135004531673e+02 2.237843551797039936e+02 1.000000000000000000e+00 3.401993355481727690e+02 2.266535789791604429e+02 1.000000000000000000e+00
2.263317728782845393e+02 2.874130172153428475e+02 1.000000000000000000e+00 3.026276049531863919e+02 3.838508003624283447e+02 1.000000000000000000e+00 4.769797644216246795e+02 3.759861069163393381e+02 1.000000000000000000e+00 4.469948655995169133e+02 2.240410752038658870e+02 1.000000000000000000e+00 3.053578979160375866e+02 2.272576260948354445e+02 1.000000000000000000e+00
1.976274539414074525e+02 2.908923286016309930e+02 1.000000000000000000e+00 2.698882512836001979e+02 3.861612805798852150e+02 1.000000000000000000e+00 4.467774086378735774e+02 3.771942011476893413e+02 1.000000000000000000e+00 4.160676532769557525e+02 2.246602234974327814e+02 1.000000000000000000e+00 2.724252491694352329e+02 2.279824826336454748e+02 1.000000000000000000e+00
1.697929628511024589e+02 2.891526729084869203e+02 1.000000000000000000e+00 2.399275143461190680e+02 3.883509513742072272e+02 1.000000000000000000e+00 4.183871942011475653e+02 3.778133494412562072e+02 1.000000000000000000e+00 3.869525823014196817e+02 2.251585623678646755e+02 1.000000000000000000e+00 2.421262458471761079e+02 2.290697674418605061e+02 1.000000000000000000e+00
1.436981274539414812e+02 2.917621564482029726e+02 1.000000000000000000e+00 2.114164904862579988e+02 3.902990033222591819e+02 1.000000000000000000e+00 3.921715493808516158e+02 3.797614013893081619e+02 1.000000000000000000e+00 3.603745092117187028e+02 2.255360918151615124e+02 1.000000000000000000e+00 2.131561461794020147e+02 2.301812141347025147e+02 1.000000000000000000e+00
1.228222591362126650e+02 2.952414678344911181e+02 1.000000000000000000e+00 1.872546058592570830e+02 3.926094835397161091e+02 1.000000000000000000e+00 3.706674720628208206e+02 3.805013591060100566e+02 1.000000000000000000e+00 3.365750528541228164e+02 2.256720024161883771e+02 1.000000000000000000e+00 2.656115977046209764e+02 2.283207490184234985e+02 1.000000000000000000e+00
1.036860465116279784e+02 2.943716399879191385e+02 1.000000000000000000e+00 1.676834793113863498e+02 3.941951072183630345e+02 1.000000000000000000e+00 3.524252491694351193e+02 3.816037450921170375e+02 1.000000000000000000e+00 3.179704016913320856e+02 2.266535789791602724e+02 1.000000000000000000e+00 2.461612805798852150e+02 2.291815161582604219e+02 1.000000000000000000e+00
9.585759589247965096e+01 2.952414678344911181e+02 1.000000000000000000e+00 1.565690123829659512e+02 3.951766837813349298e+02 1.000000000000000000e+00 3.422772576260947517e+02 3.822228933856839035e+02 1.000000000000000000e+00 3.073391724554517168e+02 2.271519178495921665e+02 1.000000000000000000e+00 2.349260042283298162e+02 2.291815161582604219e+02 1.000000000000000000e+00
1.045558743581999579e+02 2.952414678344911181e+02 1.000000000000000000e+00 1.589852008456660428e+02 3.947085472666867645e+02 1.000000000000000000e+00 3.445726366656598429e+02 3.819963757173057388e+02 1.000000000000000000e+00 3.092721232256117787e+02 2.271670190274840309e+02 1.000000000000000000e+00 2.372213832678949075e+02 2.295590456055572872e+02 1.000000000000000000e+00
1.176032920567804467e+02 2.952414678344911181e+02 1.000000000000000000e+00 1.655089096949562872e+02 3.946028390214436286e+02 1.000000000000000000e+00 3.501298701298700280e+02 3.822530957414676323e+02 1.000000000000000000e+00 3.155542132286320225e+02 2.270462096043490305e+02 1.000000000000000000e+00 2.436242826940501516e+02 2.296798550286923160e+02 1.000000000000000000e+00
1.263015705225008105e+02 2.969811235276351908e+02 1.000000000000000000e+00 1.713077620054365298e+02 3.953276955602536304e+02 1.000000000000000000e+00 3.554454847478102124e+02 3.822681969193595251e+02 1.000000000000000000e+00 3.214738749622472369e+02 2.281334944125640618e+02 1.000000000000000000e+00 2.493023255813953654e+02 2.307671398369073472e+02 1.000000000000000000e+00
1.341300211416490811e+02 2.969811235276351908e+02 1.000000000000000000e+00 1.754152823920266542e+02 3.952068861371186586e+02 1.000000000000000000e+00 3.599154334038054230e+02 3.817849592268195238e+02 1.000000000000000000e+00 3.255813953488374182e+02 2.278918755662940612e+02 1.000000000000000000e+00 2.531682271217154891e+02 2.301630927212323172e+02 1.000000000000000000e+00
1.402188160676533357e+02 2.961112956810632113e+02 1.000000000000000000e+00 1.784355179704018042e+02 3.952068861371186586e+02 1.000000000000000000e+00 3.618483841739654281e+02 3.823890063424945538e+02 1.000000000000000000e+00 3.277559649652674807e+02 2.280126849894290615e+02 1.000000000000000000e+00 2.564300815463606114e+02 2.306463304137723469e+02 1.000000000000000000e+00
1.463076109936575335e+02 2.961112956810632113e+02 1.000000000000000000e+00 1.803684687405618661e+02 3.953427967381455232e+02 1.000000000000000000e+00 3.637813349441254900e+02 3.818000604047114166e+02 1.000000000000000000e+00 3.294472968891575420e+02 2.278918755662940612e+02 1.000000000000000000e+00 2.582422228933857014e+02 2.305255209906373466e+02 1.000000000000000000e+00
1.550058894593778973e+02 2.969811235276351908e+02 1.000000000000000000e+00 1.816973723950469264e+02 3.941347025067954633e+02 1.000000000000000000e+00 3.651102385986105219e+02 3.824041075203864466e+02 1.000000000000000000e+00 3.305345816973725732e+02 2.282543038356990621e+02 1.000000000000000000e+00 2.587254605859257026e+02 2.304047115675023178e+02 1.000000000000000000e+00
1.593550286922380224e+02 2.952414678344911181e+02 1.000000000000000000e+00 1.823014195107219564e+02 3.948595590456055220e+02 1.000000000000000000e+00 3.651102385986105219e+02 3.824041075203864466e+02 1.000000000000000000e+00 3.315010570824526326e+02 2.281334944125640618e+02 1.000000000000000000e+00 2.600543642404107914e+02 2.306463304137723469e+02 1.000000000000000000e+00
1.654438236182422770e+02 2.935018121413470453e+02 1.000000000000000000e+00 1.832678948958019873e+02 3.948595590456055220e+02 1.000000000000000000e+00 3.663183328299605819e+02 3.822832980972514179e+02 1.000000000000000000e+00 3.315010570824526326e+02 2.281334944125640618e+02 1.000000000000000000e+00 2.606584113560858214e+02 2.306463304137723469e+02 1.000000000000000000e+00
1.689231350045304225e+02 2.926319842947750658e+02 1.000000000000000000e+00 1.832678948958019873e+02 3.948595590456055220e+02 1.000000000000000000e+00 3.663183328299605819e+02 3.822832980972514179e+02 1.000000000000000000e+00 3.315010570824526326e+02 2.281334944125640618e+02 1.000000000000000000e+00 2.606584113560858214e+02 2.306463304137723469e+02 1.000000000000000000e+00
1.724024463908185112e+02 2.961112956810632113e+02 1.000000000000000000e+00 1.832678948958019873e+02 3.948595590456055220e+02 1.000000000000000000e+00 3.663183328299605819e+02 3.822832980972514179e+02 1.000000000000000000e+00 3.315010570824526326e+02 2.281334944125640618e+02 1.000000000000000000e+00 2.613832678948958232e+02 2.307671398369073472e+02 1.000000000000000000e+00
1.750119299305346203e+02 2.952414678344911181e+02 1.000000000000000000e+00 1.832678948958019873e+02 3.948595590456055220e+02 1.000000000000000000e+00 3.663183328299605819e+02 3.822832980972514179e+02 1.000000000000000000e+00 3.315010570824526326e+02 2.281334944125640618e+02 1.000000000000000000e+00 2.613832678948958232e+02 2.307671398369073472e+02 1.000000000000000000e+00
